sliceBoard.py -d
45 <- ff ff ff ff ff ff
45 <- fe 00 00 00 00 ff
45 <- fe 00 00 00 20 ff
0x0f9: [32, 0, 0, 0, 0]
0x0f9: [192, 1, 9, 22, 8]
0x0f9: [168, 8, 159, 15, 9]
0x0f7: [2, 0, 0, 0, 0, 0, 14]
COM76 <- 57 01 37 e6 f9 00 20 00 00 00 00 03
COM76 -> ff 00
COM76 <- 57 01 37 e6 f9 00 c0 01 09 16 08 03
COM76 -> ff 00
COM76 <- 57 01 37 e6 f9 00 a8 08 9f 0f 09 03
COM76 -> ff 00
COM76 <- 57 01 39 e6 f7 00 00 40 00 00 00 00 0e 03
COM76 -> ff 00
0x0f9: [32, 0, 0, 0, 0]
0x0f9: [9, 22, 168, 8, 8]
0x0f9: [0, 0, 158, 15, 9]
0x0f7: [2, 0, 0, 0, 0, 0, 14]
COM76 <- 57 01 37 e6 f9 00 20 00 00 00 00 03
COM76 -> ff 00
COM76 <- 57 01 37 e6 f9 00 09 16 a8 08 08 03
COM76 -> ff 00
COM76 <- 57 01 37 e6 f9 00 00 00 9e 0f 09 03
COM76 -> ff 00
COM76 <- 57 01 39 e6 f7 00 00 40 00 00 00 00 0e 03
COM76 -> ff 00
0x0f9: [32, 0, 0, 0, 0]
0x0f9: [0, 0, 0, 0, 8]
0x0f9: [0, 224, 155, 15, 9]
0x0f7: [2, 0, 0, 0, 0, 0, 14]
COM76 <- 57 01 37 e6 f9 00 20 00 00 00 00 03
COM76 -> ff 00
COM76 <- 57 01 37 e6 f9 00 00 00 00 00 08 03
COM76 -> ff 00
COM76 <- 57 01 37 e6 f9 00 00 e0 9b 0f 09 03
COM76 -> ff 00
COM76 <- 57 01 39 e6 f7 00 00 40 00 00 00 00 0e 03
COM76 -> ff 00
0x0f9: [32, 0, 0, 0, 0]
0x0f9: [89, 185, 185, 185, 8]
0x0f9: [166, 154, 152, 15, 9]
0x0f7: [2, 0, 0, 0, 0, 0, 14]
COM76 <- 57 01 37 e6 f9 00 20 00 00 00 00 03
COM76 -> ff 00
COM76 <- 57 01 37 e6 f9 00 59 b9 b9 b9 08 03
COM76 -> ff 00
COM76 <- 57 01 37 e6 f9 00 a6 9a 98 0f 09 03
COM76 -> ff 00
COM76 <- 57 01 39 e6 f7 00 00 40 00 00 00 00 0e 03
COM76 -> ff 00
0x0f9: [32, 0, 0, 0, 0]
0x0f9: [105, 166, 154, 104, 8]
0x0f9: [0, 0, 149, 15, 9]
0x0f7: [2, 0, 0, 0, 0, 0, 14]
COM76 <- 57 01 37 e6 f9 00 20 00 00 00 00 03
COM76 -> ff 00
COM76 <- 57 01 37 e6 f9 00 69 a6 9a 68 08 03
COM76 -> ff 00
COM76 <- 57 01 37 e6 f9 00 00 00 95 0f 09 03
COM76 -> ff 00
COM76 <- 57 01 39 e6 f7 00 00 40 00 00 00 00 0e 03
COM76 -> ff 00
0x0f9: [32, 0, 0, 0, 0]
0x0f9: [0, 0, 0, 0, 8]
0x0f9: [0, 7, 146, 15, 9]
0x0f7: [2, 0, 0, 0, 0, 0, 14]
COM76 <- 57 01 37 e6 f9 00 20 00 00 00 00 03
COM76 -> ff 00
COM76 <- 57 01 37 e6 f9 00 00 00 00 00 08 03
COM76 -> ff 00
COM76 <- 57 01 37 e6 f9 00 00 07 92 0f 09 03
COM76 -> ff 00
COM76 <- 57 01 39 e6 f7 00 00 40 00 00 00 00 0e 03
COM76 -> ff 00
0x0f9: [32, 0, 0, 0, 0]
0x0f9: [0, 3, 0, 1, 8]
0x0f9: [64, 0, 143, 15, 9]
0x0f7: [2, 0, 0, 0, 0, 0, 14]
COM76 <- 57 01 37 e6 f9 00 20 00 00 00 00 03
COM76 -> ff 00
COM76 <- 57 01 37 e6 f9 00 00 03 00 01 08 03
COM76 -> ff 00
COM76 <- 57 01 37 e6 f9 00 40 00 8f 0f 09 03
COM76 -> ff 00
COM76 <- 57 01 39 e6 f7 00 00 40 00 00 00 00 0e 03
COM76 -> ff 00
0x0f9: [32, 0, 0, 0, 0]
0x0f9: [128, 0, 48, 0, 8]
0x0f9: [16, 0, 140, 15, 9]
0x0f7: [2, 0, 0, 0, 0, 0, 14]
COM76 <- 57 01 37 e6 f9 00 20 00 00 00 00 03
COM76 -> ff 00
COM76 <- 57 01 37 e6 f9 00 80 00 30 00 08 03
COM76 -> ff 00
COM76 <- 57 01 37 e6 f9 00 10 00 8c 0f 09 03
COM76 -> ff 00
COM76 <- 57 01 39 e6 f7 00 00 40 00 00 00 00 0e 03
COM76 -> ff 00
0x0f9: [32, 0, 0, 0, 0]
0x0f9: [4, 0, 0, 0, 8]
0x0f9: [7, 0, 137, 15, 9]
0x0f7: [2, 0, 0, 0, 0, 0, 14]
COM76 <- 57 01 37 e6 f9 00 20 00 00 00 00 03
COM76 -> ff 00
COM76 <- 57 01 37 e6 f9 00 04 00 00 00 08 03
COM76 -> ff 00
COM76 <- 57 01 37 e6 f9 00 07 00 89 0f 09 03
COM76 -> ff 00
COM76 <- 57 01 39 e6 f7 00 00 40 00 00 00 00 0e 03
COM76 -> ff 00
0x0f9: [32, 0, 0, 0, 0]
0x0f9: [16, 0, 64, 2, 8]
0x0f9: [128, 48, 134, 15, 9]
0x0f7: [2, 0, 0, 0, 0, 0, 14]
COM76 <- 57 01 37 e6 f9 00 20 00 00 00 00 03
COM76 -> ff 00
COM76 <- 57 01 37 e6 f9 00 10 00 40 02 08 03
COM76 -> ff 00
COM76 <- 57 01 37 e6 f9 00 80 30 86 0f 09 03
COM76 -> ff 00
COM76 <- 57 01 39 e6 f7 00 00 40 00 00 00 00 0e 03
COM76 -> ff 00
0x0f9: [32, 0, 0, 0, 0]
0x0f9: [4, 0, 128, 56, 8]
0x0f9: [8, 2, 131, 15, 9]
0x0f7: [2, 0, 0, 0, 0, 0, 14]
COM76 <- 57 01 37 e6 f9 00 20 00 00 00 00 03
COM76 -> ff 00
COM76 <- 57 01 37 e6 f9 00 04 00 80 38 08 03
COM76 -> ff 00
COM76 <- 57 01 37 e6 f9 00 08 02 83 0f 09 03
COM76 -> ff 00
COM76 <- 57 01 39 e6 f7 00 00 40 00 00 00 00 0e 03
COM76 -> ff 00
0x0f9: [32, 0, 0, 0, 0]
0x0f9: [1, 1, 130, 5, 8]
0x0f9: [24, 192, 128, 15, 9]
0x0f7: [2, 0, 0, 0, 0, 0, 14]
COM76 <- 57 01 37 e6 f9 00 20 00 00 00 00 03
COM76 -> ff 00
COM76 <- 57 01 37 e6 f9 00 01 01 82 05 08 03
COM76 -> ff 00
COM76 <- 57 01 37 e6 f9 00 18 c0 80 0f 09 03
COM76 -> ff 00
COM76 <- 57 01 39 e6 f7 00 00 40 00 00 00 00 0e 03
COM76 -> ff 00
0x0f9: [32, 0, 0, 0, 0]
0x0f9: [192, 1, 6, 10, 8]
0x0f9: [132, 0, 159, 240, 9]
0x0f7: [2, 0, 0, 0, 0, 0, 14]
COM76 <- 57 01 37 e6 f9 00 20 00 00 00 00 03
COM76 -> ff 00
COM76 <- 57 01 37 e6 f9 00 c0 01 06 0a 08 03
COM76 -> ff 00
COM76 <- 57 01 37 e6 f9 00 84 00 9f f0 09 03
COM76 -> ff 00
COM76 <- 57 01 39 e6 f7 00 00 40 00 00 00 00 0e 03
COM76 -> ff 00
0x0f9: [32, 0, 0, 0, 0]
0x0f9: [6, 10, 132, 0, 8]
0x0f9: [0, 181, 158, 240, 9]
0x0f7: [2, 0, 0, 0, 0, 0, 14]
COM76 <- 57 01 37 e6 f9 00 20 00 00 00 00 03
COM76 -> ff 00
COM76 <- 57 01 37 e6 f9 00 06 0a 84 00 08 03
COM76 -> ff 00
COM76 <- 57 01 37 e6 f9 00 00 b5 9e f0 09 03
COM76 -> ff 00
COM76 <- 57 01 39 e6 f7 00 00 40 00 00 00 00 0e 03
COM76 -> ff 00
0x0f9: [32, 0, 0, 0, 0]
0x0f9: [229, 59, 76, 0, 8]
0x0f9: [0, 224, 155, 240, 9]
0x0f7: [2, 0, 0, 0, 0, 0, 14]
COM76 <- 57 01 37 e6 f9 00 20 00 00 00 00 03
COM76 -> ff 00
COM76 <- 57 01 37 e6 f9 00 e5 3b 4c 00 08 03
COM76 -> ff 00
COM76 <- 57 01 37 e6 f9 00 00 e0 9b f0 09 03
COM76 -> ff 00
COM76 <- 57 01 39 e6 f7 00 00 40 00 00 00 00 0e 03
COM76 -> ff 00
0x0f9: [32, 0, 0, 0, 0]
0x0f9: [89, 185, 185, 185, 8]
0x0f9: [166, 154, 152, 240, 9]
0x0f7: [2, 0, 0, 0, 0, 0, 14]
COM76 <- 57 01 37 e6 f9 00 20 00 00 00 00 03
COM76 -> ff 00
COM76 <- 57 01 37 e6 f9 00 59 b9 b9 b9 08 03
COM76 -> ff 00
COM76 <- 57 01 37 e6 f9 00 a6 9a 98 f0 09 03
COM76 -> ff 00
COM76 <- 57 01 39 e6 f7 00 00 40 00 00 00 00 0e 03
COM76 -> ff 00
0x0f9: [32, 0, 0, 0, 0]
0x0f9: [105, 166, 154, 104, 8]
0x0f9: [0, 0, 149, 240, 9]
0x0f7: [2, 0, 0, 0, 0, 0, 14]
COM76 <- 57 01 37 e6 f9 00 20 00 00 00 00 03
COM76 -> ff 00
COM76 <- 57 01 37 e6 f9 00 69 a6 9a 68 08 03
COM76 -> ff 00
COM76 <- 57 01 37 e6 f9 00 00 00 95 f0 09 03
COM76 -> ff 00
COM76 <- 57 01 39 e6 f7 00 00 40 00 00 00 00 0e 03
COM76 -> ff 00
0x0f9: [32, 0, 0, 0, 0]
0x0f9: [0, 0, 0, 0, 8]
0x0f9: [0, 7, 146, 240, 9]
0x0f7: [2, 0, 0, 0, 0, 0, 14]
COM76 <- 57 01 37 e6 f9 00 20 00 00 00 00 03
COM76 -> ff 00
COM76 <- 57 01 37 e6 f9 00 00 00 00 00 08 03
COM76 -> ff 00
COM76 <- 57 01 37 e6 f9 00 00 07 92 f0 09 03
COM76 -> ff 00
COM76 <- 57 01 39 e6 f7 00 00 40 00 00 00 00 0e 03
COM76 -> ff 00
0x0f9: [32, 0, 0, 0, 0]
0x0f9: [0, 3, 0, 1, 8]
0x0f9: [64, 0, 143, 240, 9]
0x0f7: [2, 0, 0, 0, 0, 0, 14]
COM76 <- 57 01 37 e6 f9 00 20 00 00 00 00 03
COM76 -> ff 00
COM76 <- 57 01 37 e6 f9 00 00 03 00 01 08 03
COM76 -> ff 00
COM76 <- 57 01 37 e6 f9 00 40 00 8f f0 09 03
COM76 -> ff 00
COM76 <- 57 01 39 e6 f7 00 00 40 00 00 00 00 0e 03
COM76 -> ff 00
0x0f9: [32, 0, 0, 0, 0]
0x0f9: [128, 0, 48, 0, 8]
0x0f9: [16, 0, 140, 240, 9]
0x0f7: [2, 0, 0, 0, 0, 0, 14]
COM76 <- 57 01 37 e6 f9 00 20 00 00 00 00 03
COM76 -> ff 00
COM76 <- 57 01 37 e6 f9 00 80 00 30 00 08 03
COM76 -> ff 00
COM76 <- 57 01 37 e6 f9 00 10 00 8c f0 09 03
COM76 -> ff 00
COM76 <- 57 01 39 e6 f7 00 00 40 00 00 00 00 0e 03
COM76 -> ff 00
0x0f9: [32, 0, 0, 0, 0]
0x0f9: [4, 0, 0, 0, 8]
0x0f9: [7, 0, 137, 240, 9]
0x0f7: [2, 0, 0, 0, 0, 0, 14]
COM76 <- 57 01 37 e6 f9 00 20 00 00 00 00 03
COM76 -> ff 00
COM76 <- 57 01 37 e6 f9 00 04 00 00 00 08 03
COM76 -> ff 00
COM76 <- 57 01 37 e6 f9 00 07 00 89 f0 09 03
COM76 -> ff 00
COM76 <- 57 01 39 e6 f7 00 00 40 00 00 00 00 0e 03
COM76 -> ff 00
0x0f9: [32, 0, 0, 0, 0]
0x0f9: [16, 0, 64, 2, 8]
0x0f9: [128, 48, 134, 240, 9]
0x0f7: [2, 0, 0, 0, 0, 0, 14]
COM76 <- 57 01 37 e6 f9 00 20 00 00 00 00 03
COM76 -> ff 00
COM76 <- 57 01 37 e6 f9 00 10 00 40 02 08 03
COM76 -> ff 00
COM76 <- 57 01 37 e6 f9 00 80 30 86 f0 09 03
COM76 -> ff 00
COM76 <- 57 01 39 e6 f7 00 00 40 00 00 00 00 0e 03
COM76 -> ff 00
0x0f9: [32, 0, 0, 0, 0]
0x0f9: [4, 0, 128, 56, 8]
0x0f9: [8, 2, 131, 240, 9]
0x0f7: [2, 0, 0, 0, 0, 0, 14]
